# shape=[1, 32, 2, 2] dtype=float32 order=C (last axis fastest) count=128
11440
11440
11440
11440
11440
11440
11440
11440
11440
11440
11440
11440
11440
11440
11440
11440
11440
11440
11440
11440
11440
11440
11440
11440
11440
11440
11440
11440
11440
11440
11440
11440
11440
11440
11440
11440
11440
11440
11440
11440
11440
11440
11440
11440
11440
11440
11440
11440
11440
11440
11440
11440
11440
11440
11440
11440
11440
11440
11440
11440
11440
11440
11440
11440
11440
11440
11440
11440
11440
11440
11440
11440
11440
11440
11440
11440
11440
11440
11440
11440
11440
11440
11440
11440
11440
11440
11440
11440
11440
11440
11440
11440
11440
11440
11440
11440
11440
11440
11440
11440
11440
11440
11440
11440
11440
11440
11440
11440
11440
11440
11440
11440
11440
11440
11440
11440
11440
11440
11440
11440
11440
11440
11440
11440
11440
11440
11440
11440
