# shape=[1, 32, 3, 3] dtype=float32 order=C (last axis fastest) count=288
-9.73535156
-15.0952148
6.13037109
-17.2133789
15.5698242
27.6496582
6.52612305
-7.64257812
-33.3134766
7.10791016
16.2807617
-6.61914062
-6.47363281
-2.65722656
-0.551757812
-8.85644531
-12.3310547
-35.6875
-21.1049805
-20.0830078
2.66943359
-11.0715332
-36.6162109
-0.6328125
24.1318359
-14.9233398
-9.72119141
22.5288086
-31.5620117
2.63330078
-19.1640625
-15.9299316
-9.36279297
-15.6083984
2.48925781
-2.04833984
-0.990234375
-2.77832031
8.29345703
15.1806641
-8.82861328
3.81689453
0.990722656
10.9267578
-19.512207
5.6328125
1.48779297
21.1469727
30.0571289
8.29589844
-1.31640625
21.7077637
1.734375
-39.1835938
-15.4116211
-7.84082031
30.2915039
2.46679688
-1.57763672
-3.03076172
0.530761719
17.1772461
9.33447266
-7.82324219
16.0537109
-21.824707
1.59179688
-0.752929688
-21.5893555
9.75854492
-19.2104492
25.5876465
-14.6674805
10.4428711
27.5600586
-17.6323242
15.6765137
32.5976562
-1.54882812
11.7304688
3.19140625
-4.67211914
-26.8232422
0.674804688
16.0283203
-39.3671875
-13.4667969
14.1850586
-8.02441406
-7.7421875
-14.2128906
-15.7041016
6.93603516
-2.51123047
8.29394531
6.06005859
-15.4980469
4.08496094
14.2993164
-32.9116211
3.32861328
26.9008789
-34.9169922
13.7416992
-20.5219727
14.65625
-1.63110352
24.3359375
-21.4418945
-11.9277344
-17.0634766
-20.2583008
29.847168
-11.3256836
0.533691406
10.8222656
-4.43261719
7.64599609
8.15136719
-3.79150391
-3.24755859
-0.851074219
-6.93261719
-14.8588867
6.18066406
35.0097656
-11.6306152
-25.9199219
2.79052734
-11.5986328
-15.9870605
15.1225586
10.8598633
0.279785156
-1.41113281
25.5466309
13.7114258
25.8442383
11.3803711
-7.69189453
-18.590332
16.0703125
2.17382812
-11.855957
-13.0332031
31.5419922
11.3349609
-15.609375
-4.53173828
15.6298828
20.2519531
-0.794921875
-19.4868164
-6.01269531
-40.5839844
10.4160156
-22.2792969
-21.6547852
-23.2368164
-8.12792969
12.6064453
0.657226562
19.6811523
-5.99511719
15.2807617
-36.8266602
-3.16162109
0.290039062
5.45068359
-5.91015625
5.63574219
6.20996094
16.4882812
-8.66088867
-18.7929688
-8.07617188
12.5263672
5.37255859
-19.7978516
6.82885742
8.10253906
-5.66601562
10.3828125
53.2421875
2.6105957
18.2783203
-33.9750977
-20.5629883
-26.0073242
-10.2299805
-27.6079102
-17.1943359
0.435546875
0.0756835938
-4.37475586
-25.0700684
16.6279297
1.99169922
8.42822266
-1.44140625
36.4560547
-29.5507812
-22.652832
7.00366211
-5.45043945
14.668457
24.3417969
20.5356445
16.7314453
-7.09960938
7.58227539
-4.13232422
38.3212891
-8.64550781
6.32495117
-35.284668
-37.765625
38.2084961
14.8139648
15.5996094
-11.548584
3.25683594
22.4719238
-14.5429688
2.05810547
13.0683594
32.4130859
8.83642578
-34.1889648
-14.4692383
31.9360352
15.347168
-21.0109863
3.42871094
10.5993652
5.31298828
16.7675781
19.40625
13.4941406
53.5571289
4.25683594
-38.7929688
9.88769531
20.0683594
2.90527344
-13.4194336
-14.7597656
-2.00219727
1.19238281
0.125976562
13.4914551
-27.5551758
-15.1479492
20.3427734
-17.3466797
-2.41064453
-5.79492188
23.5246582
-6.95996094
-22.2575684
8.4375
9.52636719
19.2089844
-6.94287109
25.2050781
-9.359375
4.49755859
-0.784667969
39.3657227
-3.52587891
-17.4121094
-2.20751953
-40.3046875
-16.5400391
-7.58691406
-4.59179688
26.0097656
10.0639648
8.19433594
-1.94555664
9.84375
-14.8442383
-11.0654297
-3.99072266
13.2421875
8.53369141
-9.37109375
-4.03222656
