# shape=[32, 32, 3, 3] dtype=int8 order=C (last axis fastest) count=9216
-36
-37
-16
-28
54
22
-10
-68
10
-40
11
20
8
79
36
-8
-43
-54
18
25
38
-100
-22
59
24
-19
-6
6
44
102
61
-54
-20
1
-16
8
14
4
41
28
-7
25
-9
2
17
74
-47
-102
-43
56
34
6
-7
-13
17
-13
-29
48
97
109
-49
-39
58
-18
-18
59
71
83
-47
82
-15
11
-52
-18
-31
-32
-68
36
-5
26
-3
22
-27
0
54
-26
33
11
-8
74
-60
-2
-67
-61
2
23
53
-44
11
17
-84
-109
-15
18
8
2
11
15
15
-28
50
-59
-14
-78
-2
-1
31
11
-29
-4
-40
-30
61
-13
4
37
30
44
-57
-27
-52
18
20
15
62
-34
-2
7
-38
-80
-3
-33
-10
8
-8
4
16
75
18
12
-6
-4
6
-25
-61
8
-45
20
5
12
31
-32
10
-3
64
-32
49
20
10
7
-4
12
-10
-69
15
-89
-2
-11
-50
-11
35
4
101
50
-69
-23
47
9
21
-32
-38
-77
-36
34
13
13
5
28
-9
33
-5
-70
25
19
21
-39
19
-18
37
6
62
54
-40
32
-16
-41
31
41
-43
36
18
-1
-34
-4
-11
50
6
24
-9
41
-9
-43
-5
-17
-17
28
-57
54
74
-56
-47
-56
2
-35
46
-7
37
-11
-2
33
29
-15
-28
5
122
25
-3
-26
-16
-12
19
-37
-5
-12
-5
89
19
-15
-12
-42
54
66
-15
45
37
9
-66
17
-17
-28
-1
75
26
-13
-37
-10
30
-37
18
51
-6
-23
-3
-31
1
-16
-52
26
-41
41
47
-20
32
-7
-20
-14
-16
50
3
-34
-4
-33
-19
15
-79
-44
99
-1
-13
-8
-4
-1
13
72
62
64
32
-14
-40
41
4
17
-1
-72
94
-39
21
126
-4
5
12
-35
-32
86
62
-41
-75
-66
15
-22
125
-35
35
49
35
40
4
26
15
83
28
4
25
-31
-28
-10
-5
15
32
28
25
47
15
-17
-1
11
-10
-36
-15
-81
-6
18
-6
-8
5
26
81
30
35
-49
10
24
46
66
36
-100
-22
37
40
-20
-24
8
3
-71
89
-16
108
-33
54
-39
24
19
-23
-4
71
114
0
31
-34
57
-4
-9
48
-21
-61
9
21
59
38
-9
31
-97
72
79
-16
15
43
14
-8
-6
18
4
23
-24
7
-8
51
-4
-38
-2
58
-68
109
-18
-15
56
-3
-10
83
43
12
50
-12
45
11
-26
-19
38
14
-6
11
-6
-46
19
-19
1
14
-29
100
-101
-18
-14
-11
-25
0
78
51
-104
-2
20
9
-22
-17
54
-56
19
23
3
-42
-23
-5
-16
-33
41
-6
46
-64
-77
7
-54
21
-53
-35
-20
-41
31
7
1
55
-12
-25
38
-40
73
24
40
-14
26
-13
12
-103
-79
2
-11
-12
-2
27
11
109
-107
16
-18
11
38
41
29
-8
-38
-44
-75
6
-6
-2
64
-11
5
17
126
-7
-2
4
0
25
13
-6
42
-62
28
-7
-22
-13
-52
16
37
7
-34
-28
0
-40
-35
24
10
-18
42
7
9
-30
-87
-18
-9
4
33
9
-31
28
50
-3
-11
6
-9
9
77
42
-8
12
81
-86
78
0
-64
31
-14
-8
26
-35
75
-24
-15
-32
-6
71
-4
-33
6
-16
-18
-29
-48
-3
35
42
-9
-25
-5
-70
23
18
7
41
-44
17
-30
6
-11
17
99
19
-11
13
29
-47
38
-10
73
21
70
-40
80
-23
37
-18
26
64
-28
-14
-15
10
-31
26
-18
7
7
61
23
-47
-65
-6
20
-54
26
-12
82
16
11
-33
-31
29
16
31
32
-75
-19
-6
-40
38
-6
-43
34
-33
-18
59
-77
13
-5
19
34
41
-52
-49
-39
18
22
8
9
-3
52
-4
-89
-29
-11
23
1
-27
17
-17
-43
99
13
-66
17
19
-13
14
-13
68
-13
-3
16
23
1
-14
-22
56
-30
-68
-7
-40
18
5
33
39
0
-58
44
38
42
-11
39
-21
17
-30
-69
24
-13
-24
53
17
-7
16
9
47
23
52
19
-55
-20
0
29
0
1
37
-51
-19
-4
22
-18
-12
-1
17
49
-33
-40
-4
-20
27
5
35
35
36
25
-43
-24
-7
-8
-25
45
-95
-9
-27
-10
68
16
-28
64
-54
-22
-49
-61
-36
-19
-77
-29
22
-24
12
72
1
48
-70
-3
-50
18
-34
13
-26
-19
-8
-19
-6
31
22
-25
-2
-92
-40
19
-28
-33
-39
-5
19
60
17
23
-41
-11
-2
43
-34
13
-25
-2
-30
2
100
-26
-35
-23
25
44
12
-32
0
-4
3
-12
-23
-4
40
6
-26
18
3
79
-38
33
-12
-2
-9
-2
34
-29
-42
-44
54
-15
7
-33
36
-36
-67
12
3
-27
-9
14
31
43
49
98
-80
-54
-2
45
74
17
5
33
-19
32
-42
0
18
-45
-10
5
-95
26
33
41
67
4
-5
29
-24
-98
-57
22
-79
1
-4
54
73
-31
46
27
2
0
-45
4
-11
-27
15
39
-7
-8
-20
26
-18
-4
-14
26
-90
-3
2
19
13
-20
-11
-35
-66
-5
0
-37
64
-6
-48
34
2
-53
-30
1
-42
18
-23
68
2
14
26
-9
-12
-15
-41
22
-61
34
-34
7
44
17
11
19
1
20
27
-28
31
56
28
-30
10
-26
12
7
9
-10
-26
7
41
-33
-52
17
35
-55
-35
-8
-22
-42
21
-45
59
15
9
6
7
-27
19
42
34
-39
20
32
-26
-8
22
28
57
-48
2
-73
17
22
-96
-31
23
14
-18
21
-67
28
-8
100
-37
-85
68
44
26
5
-21
-54
-69
27
-19
14
-40
-2
-2
19
-14
-78
-50
15
-88
1
-6
-25
-69
11
-72
20
-28
-57
-26
-47
21
21
-2
11
1
19
8
34
-17
-23
-7
-26
30
13
-43
24
23
-2
18
-45
4
2
-18
29
10
6
-11
7
14
9
-13
33
-13
-1
-32
6
13
-39
-4
-19
15
18
-2
37
-49
2
0
46
16
24
-35
5
-45
1
-36
22
-21
8
13
-21
2
11
-7
50
-29
-50
2
32
68
-6
-25
57
-16
2
-18
-22
-21
22
-15
-5
24
38
-20
-2
20
64
9
17
-17
3
-4
12
-33
35
37
-6
2
-41
-20
-8
3
58
-66
10
-36
40
-49
38
-14
2
-6
25
20
89
14
68
82
10
-19
10
4
4
-48
1
11
1
13
14
27
40
17
-53
18
-45
-63
39
-17
-2
23
-5
-23
15
9
43
37
-2
14
-30
-48
3
49
12
46
12
54
32
20
73
50
-10
48
32
-46
1
-53
-47
11
-3
-24
37
46
6
-35
-65
68
-7
15
39
10
51
28
88
-17
-73
-31
-61
-11
20
22
24
-30
-22
20
62
12
28
-35
-38
45
16
22
35
26
-5
-9
9
32
-38
54
-57
-41
-26
68
11
11
-6
-5
39
-36
-15
-41
35
4
9
-60
-17
7
-9
21
48
1
-16
24
41
-5
-9
-20
-8
26
-35
-24
26
-30
21
-22
-9
60
-35
-5
-11
26
30
-71
13
-8
-43
-10
-70
-10
-7
22
-4
39
80
-24
-55
44
70
5
23
47
-47
-52
-24
34
-51
20
-49
7
28
-2
-14
37
42
-35
-21
38
12
-35
27
-15
-20
3
40
97
-16
8
-5
-54
43
64
-8
-34
-26
28
-9
-15
62
22
-18
-31
-7
-45
34
13
23
12
-27
-62
59
-13
-4
-46
0
42
-17
-1
47
73
39
2
-12
8
5
-24
9
13
38
-3
39
61
50
7
1
5
-2
-25
33
20
9
18
-24
2
72
0
0
-23
-6
-28
40
-27
7
-54
29
7
5
25
-17
-30
-6
15
30
-27
-50
-5
30
-5
-5
119
55
-48
5
10
20
-15
7
-13
-59
-1
23
-1
-14
-70
47
-54
37
58
-50
90
9
-11
-22
41
16
-17
3
-31
14
-20
53
6
31
-17
54
-27
-66
-87
-1
26
8
22
13
18
-3
9
67
-59
-23
28
-24
52
-75
-9
8
36
51
-14
12
-27
-1
3
31
-25
75
-51
26
13
-7
-10
-57
15
-28
-5
26
87
-17
48
-54
-80
-39
-8
89
3
3
-14
11
-60
-27
34
3
-44
13
8
6
-5
24
-8
-6
-64
-40
20
-5
-22
44
-3
-21
15
-13
36
-30
-15
-34
14
-50
48
-32
0
-50
46
7
0
-1
36
7
-52
42
15
-59
-54
-32
-14
-24
37
-23
22
-78
-4
-7
36
-25
25
-31
39
6
18
-13
7
6
-13
-76
-39
-34
-13
-70
-37
-10
12
32
35
36
13
16
91
-71
-8
-21
-52
10
15
2
-32
4
66
-37
-27
0
-3
-37
16
9
-81
24
-7
20
-49
-22
7
17
-33
-123
8
-53
-14
-67
63
-15
48
-4
56
1
-15
58
-8
40
17
48
6
-13
17
-18
-6
4
18
53
6
-70
-39
0
-34
19
-15
-5
-19
64
-1
46
-34
-2
38
-21
40
48
-3
26
54
-12
-37
-18
23
-3
-37
-43
-60
-79
65
4
-16
26
42
-1
40
-28
-46
14
-32
-4
37
0
41
67
-55
-35
-34
14
-19
-71
45
-30
3
5
21
9
-39
-15
1
-20
-15
12
-22
29
5
19
8
13
29
-64
-12
1
7
-13
-38
-5
-28
78
-21
42
21
26
56
-24
23
-42
5
7
-33
60
88
8
-38
21
-22
28
36
34
11
-41
-8
-15
-61
-54
32
-23
37
-2
14
-19
-31
-1
38
-21
40
-53
46
32
20
-55
-9
42
-35
-60
-42
-24
-15
-39
-16
34
40
-18
-17
49
1
-28
-31
54
8
50
-7
6
3
12
-38
51
-7
-16
-1
-4
26
-8
-15
-12
0
-14
34
8
-2
26
-31
39
-18
3
-36
-45
-7
5
-38
-41
0
-25
85
-62
71
54
-8
-61
-22
-82
-43
62
27
45
13
22
-28
12
-16
16
-11
15
44
1
-29
11
-25
22
-7
-19
-15
1
-15
-22
-1
-29
19
15
-39
-81
-83
-28
4
1
33
3
-16
34
-7
-38
-11
9
-25
24
-32
-1
-1
-48
-33
-8
-29
-22
35
62
-39
-1
19
-46
-3
-2
5
26
-10
-62
-32
-6
-45
-17
-9
11
15
16
-20
-25
23
-47
-8
-3
-5
35
0
-14
73
-29
16
17
-31
-4
17
-4
-19
4
22
-11
57
30
22
61
-1
20
-9
0
37
4
-23
-21
-15
-9
4
32
33
16
-30
-18
23
-30
6
4
-44
-92
-2
17
-50
16
54
-10
-9
-11
3
-17
-3
42
23
-7
37
-14
20
-47
55
-9
35
-54
45
-23
-28
-19
-27
-59
30
-4
-16
10
-27
51
-23
-6
-9
37
9
-37
27
-3
-38
-37
18
52
-4
-20
56
-9
19
5
-26
-3
-49
-24
-53
70
21
28
30
-21
-14
-10
-64
-26
-20
-10
13
-93
-38
-27
15
-53
32
86
6
-1
-33
1
-34
-7
62
-84
-6
28
-10
49
-27
57
6
-11
10
120
32
28
-44
-38
27
18
17
33
-24
24
10
98
26
40
-15
-69
1
32
-30
-21
-82
-21
-6
70
-3
-37
-38
24
-38
-53
19
-32
-8
3
53
29
8
-73
72
7
10
-23
-70
-34
107
10
25
-9
6
45
18
52
-37
9
-14
-41
22
-6
8
43
0
-33
-61
22
-2
69
-18
-45
-24
-32
-30
39
-7
1
127
49
-61
13
37
1
27
-25
-40
4
21
-35
17
85
-1
-36
22
-36
-3
24
-24
-27
-50
-25
-35
-9
57
-45
-11
-20
-42
46
54
-22
3
13
66
-14
32
13
67
-22
-61
23
-25
-85
15
-14
1
8
19
-15
14
12
110
0
-66
-51
-16
10
76
21
-32
30
27
27
-25
-23
69
20
99
0
51
-22
-34
8
1
-14
-6
-27
-2
-51
-36
7
-12
37
25
83
-25
-37
3
13
1
-2
-36
-39
16
-2
6
53
-22
25
-35
8
58
-9
-55
12
-30
-69
17
19
-85
-42
-34
-42
-35
-109
-22
16
48
-35
-43
30
16
14
-47
14
10
-42
-41
-14
49
41
-15
78
-14
12
-10
-65
-38
14
57
13
85
-33
14
7
-30
11
-46
-30
-14
-64
3
-16
-48
19
-44
36
43
23
-25
-92
-99
7
4
34
-39
-34
-3
-60
-109
68
10
12
1
-50
-36
86
-30
-15
57
7
-34
-70
3
-36
-13
18
-63
59
-4
-60
-39
-9
32
25
34
-93
-32
-57
33
2
-23
18
49
-11
94
-21
-71
32
11
5
74
-6
-13
-53
-58
13
-6
-25
-32
-31
23
44
97
27
-35
6
24
-2
11
16
21
-59
51
0
-3
-49
35
19
45
-36
28
113
-32
-14
-8
12
80
13
16
-5
-2
37
-22
4
-2
-40
12
13
-76
-26
-2
-40
-24
29
4
52
-13
-3
-4
-25
-22
-16
-89
32
57
29
-38
-63
-29
-52
26
64
55
-3
21
29
29
-22
43
-39
-25
-26
26
0
30
23
-7
-32
-11
11
-63
24
60
-61
40
-1
20
1
52
-3
13
32
-71
83
-5
65
16
-15
7
-33
28
-48
-2
9
42
-32
20
3
8
-26
-23
-2
28
13
-11
29
-14
45
24
12
-35
-34
54
75
-10
-23
44
-57
13
-106
-55
-20
11
13
-6
13
24
35
79
-41
8
27
-43
0
-35
15
-1
-53
-49
11
36
48
43
-4
37
-69
10
18
20
17
60
16
11
-11
78
71
25
-36
-37
-26
15
-2
-8
-89
1
18
-1
45
6
5
-37
-29
11
46
-14
-40
-19
18
-48
3
-36
-80
-31
-4
-8
21
58
11
-1
41
-2
-83
9
-45
-4
-26
2
-56
-31
-26
29
1
-2
115
-98
-55
-31
26
-2
52
3
19
63
-12
-36
36
-27
14
23
35
0
-72
0
-10
21
2
-8
-44
5
-28
-18
-15
31
-8
-60
10
-33
30
-29
-9
14
-1
22
-4
28
-52
-4
28
23
-27
-5
3
45
68
-40
-48
-29
-43
-38
-33
-9
19
-37
14
-33
21
-114
-57
-14
-29
-44
-42
-2
-18
-5
113
3
-46
-44
7
43
-12
-2
41
115
-39
35
-66
18
45
28
-19
6
-25
3
7
44
13
-21
16
0
-45
-67
29
-21
29
-91
-37
-48
0
-42
47
15
-15
33
65
1
108
-8
6
6
-33
10
0
64
29
48
14
19
99
-19
71
37
-34
15
28
14
-72
54
6
-10
-2
26
11
-12
-8
-62
-69
-4
2
-24
-7
-12
17
49
51
-79
-12
-20
3
-17
36
-4
70
-24
-92
5
38
-31
9
-17
127
-11
33
-44
-3
33
13
-24
-6
48
42
-18
-51
-29
-35
-1
-48
7
-56
19
-56
58
29
-1
58
14
5
67
-11
16
1
25
-14
18
-33
-42
78
-25
-13
-84
-27
-11
43
-48
-27
-11
-12
-3
-40
37
-27
16
11
9
-4
-1
-27
-47
0
-26
-48
-5
17
77
20
6
108
24
4
-24
68
58
-81
-21
-1
71
17
-45
45
29
-1
59
45
8
-59
-12
11
-6
32
-17
2
-14
-39
-69
21
-26
-31
-3
-39
69
-28
45
-43
-47
7
-28
-19
-6
33
8
-13
68
4
0
11
-21
13
27
41
-37
8
-20
43
-28
45
-13
15
-35
-39
21
-65
-6
-42
-33
-15
-52
27
-72
-24
-27
93
-19
13
-40
38
-8
38
-11
18
7
-5
48
-11
-9
37
-2
32
-29
15
-17
59
4
70
17
-2
55
-2
25
-12
35
-9
-25
-7
-35
-40
-19
-8
56
-32
-9
-13
6
20
67
12
-54
-11
-26
17
-30
15
-21
-41
0
77
-19
31
17
-11
22
1
48
-29
-63
-3
-57
-21
-37
-4
20
-20
29
80
62
-19
-42
24
-12
52
8
-5
16
-28
2
54
-60
-16
-32
5
-15
-39
-6
10
14
24
-26
-6
29
3
104
-12
-60
9
8
-11
91
-20
-9
72
-16
-19
-4
-20
0
24
-55
0
-45
-55
-10
69
7
-15
20
-9
4
51
-19
12
-44
18
70
-25
43
8
-100
36
-2
18
-40
-15
-28
8
27
-56
28
26
-3
-24
2
-30
-30
-18
71
5
23
5
-27
-14
-13
4
16
-113
-17
42
-64
-20
-37
-27
-68
-1
-13
18
-51
3
-23
-14
-49
-66
-5
-41
20
-22
-37
22
-1
-55
-9
25
112
-24
-12
-38
18
-59
28
-43
9
55
-6
-12
-21
-29
-7
14
-44
-26
42
-9
67
-6
-13
59
13
31
-3
39
92
-19
24
-14
-60
19
-40
14
-2
-9
11
-8
-24
2
-30
-4
-9
74
8
45
25
99
-72
-28
42
4
62
-4
7
14
17
-44
1
-7
-4
-32
-51
-3
-8
-2
-2
5
37
-12
72
-46
-8
10
-10
-52
-9
35
-41
-2
23
-13
-10
-18
-20
2
-7
-22
100
-13
27
46
-8
27
-15
-23
-45
7
-26
-56
-31
-27
22
-20
-7
5
-43
4
27
10
11
-19
-3
-8
-17
-56
-16
-5
15
30
34
-5
42
15
-73
-25
23
2
-26
-41
18
41
-44
-96
-5
-62
-55
4
-61
5
-6
13
-35
57
32
16
2
28
-50
-21
-33
12
40
-27
-29
58
28
-29
-3
-4
43
31
18
5
58
5
-22
7
44
88
-68
45
13
16
-3
-37
-3
-37
74
18
5
14
12
-20
27
4
1
27
20
84
-16
-10
46
6
-34
79
-32
-8
-3
-8
-10
-21
-11
31
0
-127
31
36
-17
23
-5
-19
10
-19
-19
-12
12
-5
37
76
10
13
-22
-77
9
-1
-31
25
-37
-1
-21
26
-108
2
2
9
-35
10
32
-4
-3
59
-17
16
-39
65
-21
4
3
12
-3
-23
-13
0
-5
-23
-28
-38
10
-64
-40
-55
10
-36
20
-43
-21
-8
10
17
-11
18
-29
-22
-1
12
-13
22
24
38
-12
-4
-13
-55
11
-34
14
60
7
-31
34
-91
-25
2
-45
-77
65
26
-9
44
54
32
-42
6
-68
64
-5
2
33
1
-5
-47
15
-42
13
16
77
-29
-14
1
-17
32
-60
40
15
-45
34
90
-13
37
-45
61
-28
0
27
30
12
88
64
-18
13
-72
-37
31
22
3
26
66
13
49
-13
-44
-18
-11
58
-32
25
3
81
-32
-41
-30
6
9
-11
9
-11
-19
25
-12
21
26
25
46
7
-39
17
2
52
-4
-18
26
68
18
41
77
-15
47
-26
5
-18
0
14
26
8
1
3
-36
-2
-26
-39
11
4
-41
31
53
-36
26
20
37
-9
12
-24
-58
56
-33
6
-31
16
51
21
-10
28
-38
-8
-22
-82
42
-6
23
-20
-1
-74
68
-31
48
28
14
24
-46
-1
20
6
21
-10
-24
-16
-55
13
-26
20
-44
6
-8
-29
-68
-27
-4
-40
70
1
31
-23
4
-18
3
-8
7
31
-8
-84
-18
-21
1
25
13
19
-63
29
88
-11
-7
-1
6
-9
-36
17
-38
13
12
-14
-13
-27
-1
28
-57
20
11
-14
2
-35
4
42
-12
87
29
6
-28
-34
22
-40
-25
-5
-105
1
9
9
127
-50
37
69
2
-6
41
-25
-14
66
-47
-32
-13
-19
115
53
85
3
-11
-18
3
-59
-33
22
6
19
18
-8
-2
26
21
31
-44
-10
28
-21
39
31
-83
7
3
-56
-35
11
20
-30
-4
-41
-6
76
-19
22
-12
-23
-5
32
-47
-3
-1
105
-30
1
-60
64
34
-18
-37
-12
43
-37
-23
-32
43
-57
-29
44
54
-49
-8
8
11
-63
24
24
-12
29
-35
2
7
37
36
-22
22
-20
17
-9
-5
32
-18
30
-3
53
6
0
29
25
55
-10
12
-8
0
-43
46
24
36
10
-29
-94
-12
44
-57
-1
-48
-13
-12
1
-64
-65
36
-25
-11
-70
-42
-22
6
-26
-32
-33
-19
-50
-50
21
-25
44
-13
-87
-6
-36
3
25
45
11
-36
55
37
17
-37
-17
33
48
33
27
14
-53
-5
11
5
-36
16
9
42
33
76
10
33
6
23
-10
-36
-10
87
-89
-18
10
31
28
18
0
28
45
-119
25
27
44
-61
8
-108
-10
48
-63
29
-25
9
19
6
45
11
-4
1
1
-21
79
-36
21
15
3
39
10
-53
8
-43
21
-6
0
37
-15
-11
41
34
-11
-6
-32
-58
-23
32
14
-73
0
-10
-2
-31
-40
-29
-30
-62
-14
24
-21
-18
53
-16
13
2
-95
-17
-58
-42
-39
30
-5
-43
-44
-113
2
-33
82
2
7
-18
42
-28
-28
43
14
-18
-35
11
16
0
-19
-5
40
-28
20
25
72
-67
26
39
-31
-16
-24
-7
3
-11
-80
18
6
44
27
14
-34
40
-20
-5
29
35
48
-43
-9
9
54
8
13
-17
-42
48
1
-23
-28
20
-68
-19
2
33
90
-44
5
-9
1
-27
3
-22
-10
92
11
-2
4
35
-30
-20
16
-15
-104
-5
-10
36
-16
15
10
-86
-32
-37
50
-35
-7
11
19
-27
-44
33
-19
18
70
0
-25
47
-1
3
16
-20
23
-22
-9
13
8
14
7
-17
-79
16
-9
-40
-5
-5
-13
23
12
-12
41
31
-63
-4
16
-9
-16
11
-67
-1
-18
11
-72
-55
7
-8
-22
-52
53
-4
-24
23
-45
-24
-55
-37
25
-7
6
34
-5
24
47
-8
0
-21
-45
-43
18
-18
5
-10
72
-5
-35
107
-29
8
-1
-36
32
-8
-18
-10
31
6
27
8
87
-39
40
-33
-60
-47
29
-18
-23
3
-60
-11
-14
33
-29
52
4
1
-37
-27
7
-31
11
36
-17
71
29
-40
-119
46
10
29
-31
25
-66
-97
-111
39
62
32
-3
10
40
5
44
3
-28
-13
-26
-54
1
25
5
19
3
63
35
56
-25
-88
34
-29
-13
-112
85
-9
8
-49
1
-11
24
-16
-38
-75
-22
-19
-12
55
5
-13
-19
-9
-42
5
-62
37
-52
-53
-19
-14
-45
-17
14
-71
5
-76
-9
-51
79
-8
-44
19
-8
-34
-49
17
35
2
-35
-38
4
34
19
54
-41
-43
-12
-33
75
-17
4
12
37
8
8
-27
33
125
-44
40
-14
94
-1
-39
26
-116
2
-20
-5
-27
-34
-8
-3
0
22
-3
20
-32
-37
19
32
-46
20
6
9
19
22
1
45
-34
-3
-32
67
-10
33
39
44
-3
85
-16
20
-8
-38
25
-26
-68
42
72
11
-44
16
57
-29
43
-10
37
35
46
-12
-75
-7
-20
-39
82
26
7
27
-16
-18
-62
49
-54
-11
-27
-43
-14
84
-33
6
-2
-11
0
47
-50
24
-52
18
-44
-1
-8
3
-50
19
-39
8
-7
-26
6
-65
-19
29
31
-12
-29
-68
68
-25
-45
2
-59
-58
-12
-22
47
63
6
34
-23
-10
-9
-60
-4
47
106
29
2
-40
-56
-23
-12
33
-61
-75
38
23
22
30
-85
57
6
-15
92
-42
-54
41
16
-83
-11
11
63
14
12
-87
-31
-11
-15
13
52
-64
10
1
83
-56
-11
-20
16
72
-69
37
-29
-17
-14
13
39
-38
-24
-32
51
4
-29
-9
21
0
-64
-18
-4
8
13
57
-20
-4
16
-77
-3
-57
19
-15
-8
18
-24
4
7
25
14
88
-6
-15
14
35
3
29
42
-31
44
8
-79
68
77
16
-18
-7
33
-110
25
77
75
23
-21
7
67
23
22
18
-27
22
10
-66
13
28
-38
37
-13
-44
0
-13
-2
-50
-36
-15
-55
44
-106
-52
-30
-25
6
-29
-52
12
-30
-48
-6
46
13
-20
-4
-27
-114
-10
-45
18
-42
-38
-25
-50
124
-59
-74
81
18
-47
-111
-40
9
-41
109
-50
4
-49
4
-10
-13
-7
29
26
-25
47
35
-31
-15
-37
1
-35
19
-33
-68
-11
-23
15
61
57
-26
-4
-28
64
49
-17
18
-5
-31
-99
-47
-59
-18
-35
-11
78
11
7
49
8
-33
14
8
-21
-30
-24
-53
111
-51
-10
-42
-2
0
-2
21
-40
59
-11
53
5
1
2
54
-3
-24
-10
-28
-17
38
34
-10
-70
20
13
102
-3
19
54
41
-6
32
-13
59
-96
-45
3
-1
15
-43
18
23
66
38
-24
27
-95
-20
1
-6
-92
29
114
0
5
-30
33
9
44
-16
14
-48
-5
0
-19
28
-3
-51
22
27
33
11
-18
53
44
2
-20
-10
19
-5
47
-71
33
-7
48
-18
1
19
62
60
-46
-69
-21
0
23
-33
30
14
-10
91
-16
27
-71
-47
-25
-40
25
20
-14
-63
24
-13
33
48
-26
-42
-21
63
-28
14
-56
-14
-60
-4
35
1
36
18
-6
-32
-9
-29
-15
-47
-3
-45
16
-6
-31
32
-8
43
9
11
-65
3
-12
65
40
-31
-35
32
-29
9
14
17
32
21
16
-26
-38
32
9
23
21
32
32
-6
18
8
37
101
-21
8
-4
-13
-5
-24
-31
-4
35
41
3
-36
-18
67
-9
12
29
-67
4
1
-47
-10
7
-12
88
51
-64
12
-5
-20
52
5
1
0
11
-13
28
-27
-7
7
-32
-14
13
-52
47
-38
26
28
13
20
57
-26
-55
55
30
28
-3
54
28
27
-12
-19
-39
29
26
3
-77
-22
-21
30
42
-22
-11
-36
11
-13
-19
-36
-16
-5
-97
39
-37
38
2
-51
-43
-39
44
-78
16
5
14
9
-22
20
24
-12
-90
50
92
19
26
-12
13
-4
37
-3
-33
40
43
25
-4
28
-9
-25
-45
10
1
-23
14
63
-44
-10
25
-106
-52
-6
29
68
35
-23
35
13
-35
120
3
-15
49
-49
4
4
26
-2
13
-4
-32
99
-25
4
-35
75
-45
-21
36
-28
16
-19
16
37
45
-118
-3
18
6
5
3
-33
3
26
43
-40
-10
-16
-15
-37
-64
39
43
-89
-32
10
17
10
59
15
0
12
56
-5
5
11
34
-58
24
-40
38
10
17
2
-40
-27
14
40
28
23
25
-27
-32
2
46
1
-8
16
1
-6
1
-4
-3
48
-27
0
-2
-4
-20
4
-47
8
-43
-31
-44
-8
7
20
46
24
-21
61
24
0
29
28
-28
-13
-33
51
-22
3
17
1
47
-2
15
-54
63
20
21
19
-5
38
-27
-43
-6
16
62
27
-12
-22
13
-28
-15
14
-18
4
-21
27
26
84
-4
15
-52
74
0
-31
-1
5
-4
36
-29
23
-13
26
53
17
-12
-29
8
-26
-2
14
-21
33
32
13
5
1
39
8
37
-59
0
21
-17
-13
-64
-18
9
-49
-45
67
-33
25
26
15
2
-1
20
-4
-56
24
0
15
32
-14
40
30
-36
35
14
-5
10
-6
63
25
-56
11
48
15
21
28
6
-36
38
1
-23
-30
-50
-25
-7
-83
-57
30
-17
25
-6
93
-78
-8
-52
63
42
-25
35
-39
-4
16
-32
35
53
13
-20
27
-11
21
-19
3
26
27
-45
-16
-33
17
-64
72
-26
-48
7
36
-23
-31
34
65
-43
49
-25
-59
-3
20
-21
-43
2
-17
0
4
-37
10
-1
-74
-60
-6
11
-4
-52
-78
28
-9
15
-10
22
-5
16
17
-9
6
-43
15
-8
28
10
47
26
-14
-71
42
-64
37
-77
8
-10
-49
-15
9
-37
-59
-72
-23
47
29
-18
27
-71
6
-39
-44
5
11
20
-42
-52
-2
10
6
-43
-6
29
-15
-10
6
28
-34
19
-70
-25
-5
41
21
-34
32
-32
-78
16
-36
-38
14
-44
21
-51
-41
2
-79
-22
-100
-95
-28
-22
12
-19
-6
-21
57
5
39
64
-47
-84
35
11
15
-6
0
-9
-50
-58
-1
2
51
-7
36
8
51
-38
14
-24
9
-34
-45
21
12
12
0
-46
15
-9
-56
-9
65
53
29
-3
-41
3
-23
-10
24
36
11
4
13
13
-20
-24
31
-29
-14
23
41
-36
-26
10
-44
-23
11
19
-6
-20
22
-16
-55
-48
-8
-31
-70
13
-21
-42
23
56
30
-17
53
-13
4
-2
-26
-5
-4
-4
20
2
0
2
-28
-34
16
-3
-9
-32
32
56
-43
11
35
4
9
2
-11
-30
-94
9
-43
4
-41
-30
-19
30
5
70
36
33
34
-1
-41
10
-16
-42
2
-5
-5
2
25
9
-3
-27
14
13
16
-29
-8
-6
-1
-39
85
45
-33
-8
37
0
-18
-15
-32
33
-2
-57
8
55
-55
39
1
2
-19
-55
-29
21
25
-18
-14
-62
25
6
4
-21
10
-3
-12
-34
-63
-31
-18
-3
-47
27
36
-33
21
-5
25
45
-32
-33
23
8
7
77
-22
9
-18
-18
3
29
-40
38
33
-5
-9
-41
-31
32
33
51
-28
-67
38
27
-34
3
30
10
36
-34
-29
3
-2
-11
24
-51
-20
-10
52
51
11
21
-19
-79
26
20
-4
53
-43
25
19
-73
4
46
-8
-10
59
-4
6
1
-38
-15
-29
18
-28
-37
1
6
64
71
2
-20
-23
7
-76
-114
23
105
72
-124
6
19
64
39
81
7
66
66
-6
58
-62
42
-26
46
9
67
69
-36
34
-2
-13
33
-3
-15
53
-21
-86
7
67
-50
22
58
-66
38
60
-40
51
1
39
7
116
-29
-109
11
1
45
37
-59
-9
57
-49
8
-60
13
-45
-97
23
23
53
38
-115
42
-63
61
-39
-82
67
-103
6
14
67
-47
38
47
5
-23
69
-1
-73
-72
-77
23
54
-7
25
-115
-19
-2
16
89
-80
69
52
23
-48
-7
-68
114
3
-40
-93
-18
-44
-36
-38
-84
100
82
19
-31
29
50
19
-48
-42
-43
42
-19
-55
30
-21
23
7
52
45
8
-6
-19
64
-17
32
4
32
53
91
-48
75
-17
4
17
41
28
-38
61
12
-30
109
-18
-27
8
-90
-100
-7
-65
-79
-36
-25
43
32
-2
26
18
18
70
72
0
-10
-37
-31
7
8
-42
59
13
33
-76
33
-24
-5
100
15
83
-83
-11
-32
28
14
78
51
0
89
6
18
-5
-3
51
13
43
38
79
-60
-19
79
47
-77
53
-11
45
27
2
-70
-2
6
66
-87
25
-5
0
83
-32
47
-27
11
-36
-113
58
61
-53
59
7
12
-28
64
-62
52
25
-40
14
14
11
-98
-55
4
16
41
26
-71
-52
0
-76
82
-43
1
-19
-13
-7
-116
16
-38
-84
65
-26
-40
76
36
-69
36
103
63
103
-51
-13
-113
4
-63
-43
6
60
38
-10
61
-3
-108
-9
2
14
20
-5
38
10
-11
-40
-52
61
-20
57
17
-18
-19
-20
25
-22
-3
51
-30
19
-6
-82
38
57
19
-19
-30
-13
-26
-25
52
-19
2
86
-51
-10
57
-22
30
73
-35
9
4
-16
32
-7
-33
11
-50
-31
3
23
-43
-19
-26
-28
-67
26
17
-13
-52
66
-16
-26
-31
12
-31
0
10
15
-23
0
-29
-33
-65
18
2
-16
-67
-68
31
-107
-42
-37
-71
-23
82
-22
-21
62
-63
17
42
93
-9
91
-50
23
43
-23
-7
32
116
27
-29
-21
67
-43
-30
-5
-34
-45
8
-9
-57
14
22
6
14
26
47
-20
5
10
6
25
-18
-44
-84
14
34
-8
23
21
-20
2
3
-16
33
15
112
-16
33
17
-22
15
21
31
27
18
8
49
-5
-3
-1
-8
-57
39
8
-4
36
-21
-48
-71
29
-86
-29
39
-39
-45
-5
-36
-71
-38
63
63
15
51
-7
12
-19
-7
36
-18
38
-121
21
-27
-21
-20
-1
-31
24
-31
0
-42
8
17
-45
53
33
76
-23
17
-54
-60
-13
57
45
-24
-40
88
-114
17
16
52
-22
-35
-9
30
5
24
-16
-8
31
-12
-17
-37
-109
-18
66
76
12
-3
13
87
-25
-40
50
51
12
117
58
1
-4
-2
-7
12
-66
7
3
13
-6
34
-16
-26
-8
69
5
-20
-3
-13
-67
-27
-28
-8
26
3
52
-30
44
-41
7
-58
55
-42
42
-38
68
-17
-48
50
-48
-9
21
-9
12
20
31
38
-36
77
-41
-15
-38
127
29
-65
-35
-116
13
-11
-27
-16
-27
-46
64
-27
8
23
-25
18
-57
102
-39
-23
-64
-54
-17
-27
-20
25
-71
-71
-83
39
-16
14
-12
45
-2
36
-52
11
64
43
-65
18
-86
-64
28
-18
-33
17
-83
-27
29
-42
61
-30
-25
-5
-58
44
-21
-41
28
2
98
-8
11
6
41
-31
44
-20
17
-18
19
26
1
58
33
-11
-12
-51
21
-9
0
27
53
24
-49
-14
9
-8
38
3
49
-93
26
-28
7
-2
-24
-42
43
-11
-35
27
-4
-11
-2
-19
3
-18
0
100
10
34
14
17
47
-20
10
-9
-35
-14
38
26
36
20
44
11
83
33
33
68
-37
24
112
-20
-8
-45
46
-67
42
16
-30
-33
-11
14
17
90
-22
-16
38
-1
41
-18
-7
15
61
11
-42
-8
-5
-52
-3
12
-11
-21
-8
-7
13
22
102
30
-24
2
-11
50
-15
14
11
-13
13
32
-50
-61
-32
-18
34
67
-28
-84
-9
-39
26
39
30
-12
-7
23
51
-35
-7
-27
-70
25
0
-27
-38
-86
-7
1
-11
-29
-7
-1
18
-9
35
24
-57
-81
-3
-6
-58
0
84
-59
-21
39
21
31
-20
34
-60
-74
65
-43
16
-8
-3
-19
-42
22
-67
-4
37
-14
78
26
67
36
43
-33
-11
-31
0
31
12
2
25
35
123
18
2
-20
125
29
-29
-14
60
18
50
-15
-24
-105
-43
-33
-42
-101
0
19
57
-23
52
2
8
-87
11
-1
0
63
-37
29
9
-38
-63
-35
-59
32
-13
-28
-30
-18
9
124
-26
-8
7
-9
-5
-52
-10
-3
-14
-72
28
39
5
-37
-49
31
-22
-79
-60
-42
-2
-24
31
42
63
31
15
10
40
46
19
-15
-50
16
-18
91
8
-60
36
-3
-59
58
29
-9
52
-1
44
-44
-43
83
53
-32
-25
-28
8
-23
-67
20
-48
-14
11
-23
-16
-17
-47
-14
-13
36
-34
-15
-23
-47
35
41
27
25
93
-18
60
-8
-18
8
107
-11
-63
13
7
6
65
53
-18
-22
62
-43
17
-20
0
-77
22
-34
-40
1
-24
3
-118
-3
48
48
47
-44
8
4
-21
50
56
-10
-57
25
38
48
26
15
61
18
38
-62
-19
6
-13
-5
37
3
14
-1
-56
8
-87
27
15
0
-13
-31
-23
90
-10
68
-4
3
44
66
-8
-3
59
-6
4
10
-58
78
47
10
-38
-30
-9
-45
11
-34
50
-48
-3
-1
-81
-24
-38
34
0
-67
15
17
-44
29
13
46
-2
-5
59
42
21
34
42
-1
95
53
-65
-16
11
33
46
-11
-13
-25
-8
23
25
20
-2
-42
36
-7
31
42
6
57
15
-15
-30
28
13
75
3
17
5
15
65
-15
-52
-3
3
1
-60
44
2
-26
-24
-100
-11
-50
11
20
-20
119
-1
71
19
23
49
19
51
-44
-72
47
2
41
45
59
35
-24
10
31
-29
33
-68
-37
-15
-45
-12
63
54
-48
-26
10
-32
-35
1
-24
-53
5
-77
28
8
4
24
-42
30
44
15
-14
-43
77
-7
-31
-15
84
-58
66
-17
41
-32
-33
-21
23
-8
-35
-29
10
-21
19
-28
-9
10
-2
-83
45
26
33
11
2
41
-18
-6
71
-57
-4
-76
33
-1
73
18
34
-1
3
6
-5
-13
10
-14
24
10
-116
43
0
-15
20
21
-29
40
15
-75
45
37
-34
9
55
11
46
-17
-63
-30
52
36
84
35
27
33
3
-73
41
-24
-23
14
87
-26
-28
0
-48
-27
24
51
-21
2
-35
28
5
34
-22
-64
3
42
4
2
65
-68
-84
-8
27
24
-22
-26
-36
-16
-10
0
-39
-23
17
-27
-30
-79
21
-9
69
-38
49
18
3
23
10
-42
32
77
-7
67
29
-18
-6
-34
-2
-6
-92
-12
-16
14
-25
-15
-23
44
-75
60
-41
-24
26
56
8
4
40
23
85
-60
-19
36
30
-53
19
28
16
75
21
40
-5
-42
15
-28
-9
13
-27
19
-49
8
8
23
36
6
30
-31
-22
-105
35
9
58
42
19
33
120
2
-45
-54
15
-3
-5
-11
37
27
7
25
13
17
-26
13
14
-9
-10
-19
38
-8
10
32
28
-17
-29
-73
-58
53
-10
-69
11
41
74
8
18
-45
48
37
-19
-27
-6
15
4
73
-4
18
-66
-28
24
-12
-45
-17
-50
37
55
-15
11
7
22
46
-27
66
-5
11
17
-63
0
3
-22
-4
-19
-37
-29
-12
30
-12
81
30
13
36
-57
-64
9
-7
-40
26
-11
-16
71
-7
11
-29
54
-49
-31
9
2
-4
0
-55
-28
-1
-32
66
35
-46
-24
14
88
-11
-11
28
68
97
73
12
40
-44
-11
-112
45
-50
-5
20
-72
15
24
-29
-98
-9
-124
61
-20
44
-37
-59
4
-33
-75
-25
-9
-29
-21
-47
68
-33
33
71
-21
-40
22
42
6
20
2
111
-21
73
-38
-43
26
-23
-124
-88
82
0
40
-33
28
-19
-5
-8
-1
-27
-46
-2
-24
-1
17
-86
24
1
-43
53
-43
-49
1
1
-39
-17
-4
4
-54
74
29
-2
51
13
-118
-21
-106
32
-80
58
-25
32
13
115
-2
44
9
-47
-6
1
-23
55
46
19
118
41
69
-15
1
-10
1
-48
32
-115
25
-75
-18
-18
-9
5
71
7
-20
-33
27
11
21
-56
-20
-48
14
-35
14
-37
4
5
32
1
74
-43
72
30
5
-14
29
-25
22
77
-31
45
-25
-39
-25
-8
-14
12
-80
11
-18
-3
46
73
-83
-25
6
-12
50
55
23
-3
-16
-18
21
-55
12
-14
24
-50
-69
-33
66
-48
-4
53
-31
53
8
-52
-7
-1
-30
24
14
-41
-5
-8
80
-34
17
-13
-19
-78
32
55
-17
-51
-9
-18
31
-20
104
-37
54
46
9
-29
31
41
51
-24
22
-85
-1
-19
-37
25
-5
-19
83
-38
-52
16
-25
-3
21
-61
-23
36
12
45
25
45
-33
-10
32
-39
70
21
41
-2
-3
-30
9
19
-7
10
12
-55
27
-17
-12
14
-14
34
-76
58
-13
16
7
-24
-121
-30
-50
-1
28
-29
-31
-67
16
-112
-39
-7
-48
-19
109
-8
-41
5
0
17
48
-57
-13
-120
-3
-13
-47
20
34
53
-39
40
65
56
72
37
-90
31
-32
-10
1
25
29
-35
10
88
-26
0
17
-2
-48
37
-28
12
-58
-66
13
6
37
-20
-5
-19
9
71
18
5
-32
-73
-69
58
15
-80
106
-27
-48
-17
-36
7
-2
16
28
64
-26
9
-37
15
75
-2
72
21
-9
58
3
14
17
2
-15
11
-28
-53
-13
-19
4
52
76
-62
-4
83
24
44
-10
-59
-85
-62
24
-16
-36
89
-32
-13
-20
3
35
18
5
4
-30
-15
-35
33
28
-86
-12
35
-44
52
0
8
26
13
44
-3
35
15
1
12
-60
34
30
1
72
35
73
31
-38
6
-31
-4
-64
-13
5
-1
111
-35
-1
19
42
-61
-21
30
-17
95
-96
-19
0
-20
26
44
34
-28
-35
-22
67
8
13
-57
-65
10
-7
-18
-7
-32
-35
37
81
17
-28
33
82
34
24
10
24
-6
47
38
-3
90
-39
42
29
56
-12
8
-4
2
-116
65
18
-7
66
1
-23
41
9
-56
-81
44
-94
-7
21
-12
-27
-4
-19
-22
-23
28
63
-14
-19
-53
5
-19
74
-23
4
-62
43
-1
-12
-17
19
-15
0
11
71
-58
-45
8
74
-53
-46
-71
53
-96
43
-6
1
-43
3
0
14
-16
20
-5
32
39
14
-18
-34
96
7
87
-11
52
-32
37
-37
-12
-31
0
61
-53
-32
-21
-13
-48
-24
37
-37
47
46
60
-30
23
7
-15
-86
1
-47
19
-56
-6
16
53
-55
5
64
21
-31
-62
-43
-6
2
-4
10
25
54
-50
-30
-32
86
67
22
101
-26
-62
1
-86
-63
55
58
-45
1
-32
92
-2
-31
36
-37
37
15
2
17
-37
13
43
11
34
65
52
-32
42
45
11
-91
-41
-28
-16
-40
-78
40
33
5
-9
102
-5
-10
19
0
-40
15
-4
25
-50
-57
-4
-45
-36
1
-18
12
-77
-39
23
58
-24
11
-32
-14
27
-34
7
-2
23
14
5
15
-100
18
-23
43
33
9
76
-12
45
21
8
32
-26
-32
54
22
50
-16
64
-23
17
12
-11
41
3
12
-3
-11
44
100
-51
11
-10
-2
-15
16
39
-2
-33
-34
-20
-31
-2
-106
-12
85
-15
56
-33
-53
-4
-7
-29
71
6
-19
-113
-11
-20
19
-22
-43
18
-83
39
-17
18
2
-9
-3
57
6
-64
-20
-39
1
29
23
-4
4
31
46
39
-64
-11
-14
90
20
-86
-41
-26
-9
-5
33
-17
17
25
73
-3
48
25
-23
22
-57
-18
19
-72
-5
-25
67
-21
0
8
-18
-34
-86
10
-1
-29
68
24
-13
-7
5
-3
31
-56
41
-43
-4
63
-10
-3
51
16
-12
-22
8
23
25
-46
9
-13
5
-3
-42
-40
-11
-16
18
16
11
12
37
-37
-3
-39
54
30
-3
-35
79
-18
-52
-61
-6
28
24
84
5
-41
37
-53
-26
33
-40
79
20
-11
97
3
62
-1
2
18
2
73
-19
23
-1
18
-30
-44
43
-106
-33
55
-38
0
28
1
-29
4
29
-14
-16
96
-13
-67
1
7
4
50
85
-16
-55
-5
17
-29
25
15
-28
6
14
-68
-39
-64
-24
52
-12
-7
6
60
-28
-41
-53
5
1
29
40
-16
2
87
-11
-75
35
22
31
-93
24
-9
59
22
-30
11
-3
-1
-65
-29
29
-55
60
19
41
-9
23
-50
-59
0
-65
37
30
-42
8
2
93
0
26
18
-36
-62
-21
-70
51
17
36
21
-4
-28
-6
-17
22
34
-18
-68
-38
93
4
3
-9
-67
-40
25
7
-72
-54
-51
22
-6
38
46
-59
69
-4
38
42
-18
-83
-2
-33
53
-57
-23
-75
31
-24
-2
-16
-81
49
-14
-11
-72
18
14
24
24
-56
-102
-24
51
-31
-2
-6
34
-43
9
30
36
35
58
11
71
5
47
-47
88
-15
11
-102
32
7
46
3
-12
35
-8
-50
-50
2
-1
20
9
-35
58
-23
-31
-57
-19
-20
13
-8
-8
-12
4
40
-63
-77
49
6
-16
30
3
53
-40
10
6
32
36
38
35
15
-27
-6
-5
21
-31
-3
0
-59
-93
-33
-24
-62
-35
-27
11
-6
-55
-32
-18
-27
-77
-53
24
103
-24
11
-17
21
-6
29
-3
49
-39
9
-58
-17
3
-20
32
13
-27
49
39
10
11
-8
8
-33
6
-5
-65
43
-10
-11
16
-78
19
13
11
44
-10
-5
4
93
-44
23
-17
-1
10
34
7
-78
14
69
-100
-2
-15
-13
0
27
68
12
-56
22
-11
-2
53
-2
1
24
14
-9
-61
28
-39
83
-2
54
58
-31
-70
49
26
43
-20
18
-38
-44
-101
-12
-117
-2
51
23
-24
3
26
24
71
-77
-9
23
-54
33
-30
-8
21
7
114
-47
33
106
18
-34
59
-104
3
-38
6
-12
-102
17
-17
-19
-20
36
-48
-34
-6
17
-25
31
-6
58
-13
-89
-56
36
-89
27
-20
6
37
3
66
-56
-10
57
-41
25
6
43
-62
6
-25
-38
-62
38
0
-7
-1
20
-58
41
19
118
-1
-34
-35
7
-19
54
31
12
-66
24
-77
-17
51
2
55
14
-11
-88
-4
37
40
26
12
54
13
-25
112
-2
30
19
53
38
15
46
-40
28
-45
-66
-29
-56
50
-25
2
5
-47
-13
-16
40
58
77
-12
8
-54
30
-19
-17
56
35
22
47
-16
-43
-43
30
2
20
-9
-53
48
85
-2
-96
-49
79
-4
-73
-78
19
28
5
-30
53
-26
-2
-53
73
-29
-52
-72
-25
12
-13
-27
-40
41
8
-54
-1
14
-64
21
-66
-12
-5
-12
-48
2
-5
-6
-25
-11
-36
70
-48
-3
40
-93
-48
-47
-58
37
-81
7
25
-69
71
-24
43
-25
21
-13
-22
-9
26
-74
32
-11
-41
-46
27
88
9
11
-44
17
-23
71
82
21
3
38
-30
-28
5
56
31
34
14
-36
22
-44
-39
-13
57
-11
-24
5
-46
26
62
-49
-12
31
11
-34
-14
11
31
69
-12
3
16
9
-23
-27
-8
57
-108
24
-14
11
7
-15
-18
-1
67
-112
3
8
14
-35
-27
5
12
47
-38
-5
80
44
33
-13
-8
17
14
21
7
-23
6
40
-54
65
-7
-63
40
-6
-2
-24
1
-44
30
33
-31
12
-8
7
-22
-5
-46
-14
-16
2
-38
-3
16
19
-87
18
-37
-48
-38
71
4
-15
32
27
-62
52
-3
40
36
27
-34
30
73
32
-25
-49
-72
-52
-17
-49
-4
29
13
-62
24
-12
-6
-24
20
-2
4
27
-13
-5
-33
50
26
-46
61
35
17
18
-44
-59
-90
-1
0
42
4
0
12
-31
13
30
60
5
-50
-73
-38
-49
-75
5
1
-52
95
3
-17
24
-49
-10
52
52
60
-30
64
-25
-22
34
-6
-4
43
0
37
-17
-10
0
-7
2
-10
-102
-28
-12
40
-11
-39
-12
30
58
40
-3
8
16
20
0
15
-96
1
21
-45
77
37
30
-50
-2
20
-23
40
-42
-39
33
17
-26
-24
-21
-51
126
6
19
-50
23
-34
3
40
42
-17
13
-8
-4
-1
-4
-3
-21
-57
-58
-79
-34
-68
-24
-16
51
-11
4
-27
-9
-11
11
-25
-5
19
-27
-32
31
-41
-3
13
-26
-30
-9
31
-57
-113
35
-31
-15
-4
-25
-19
6
1
-23
-5
17
75
60
-12
-34
-66
-59
-111
29
15
3
67
23
14
-8
-23
-39
-27
27
22
1
-6
40
-23
-43
-29
61
8
16
52
-33
48
-61
-6
65
-40
18
-101
26
-42
13
-50
-35
-64
32
42
1
35
-7
10
12
-29
6
-27
-2
-3
31
13
-34
19
16
29
25
-28
-64
-5
4
83
-15
16
-51
-67
9
9
-26
-22
1
63
15
-79
-66
6
-43
-2
27
-43
-23
8
46
-14
36
12
6
8
-8
-48
14
54
23
-56
-37
-11
60
-38
-7
17
-90
42
26
48
0
28
9
32
-11
-29
29
-102
53
-11
14
64
14
4
-5
-29
15
20
22
41
-21
-14
87
-78
-18
13
37
6
-14
-66
19
-34
-40
-65
44
94
-23
-15
-8
-4
-55
30
-34
1
72
4
36
27
14
-16
91
42
68
-11
25
-16
-2
-2
6
100
26
-26
-57
-26
-22
25
38
20
37
-33
64
-107
11
-6
24
-11
-30
14
39
13
99
3
13
20
16
-8
43
32
-16
-127
-19
-9
7
28
-13
-88
30
-6
27
-31
-14
12
33
-69
-9
-35
-54
-89
14
-6
24
0
36
91
6
40
-48
33
68
44
-24
-34
126
-22
25
55
43
14
-3
34
25
43
30
14
37
-2
-21
0
16
49
-18
-28
20
-91
-3
-41
10
-68
2
-95
-43
32
85
48
10
-1
-52
-7
23
-31
-8
8
10
109
-9
-43
-57
38
5
-10
3
1
4
-33
-13
-42
-23
45
34
-3
25
-7
-23
-34
99
-30
31
62
2
-17
-13
15
-19
64
72
57
47
-19
-8
-61
4
32
-55
56
-4
37
21
-37
39
60
-5
-33
28
12
30
-5
-32
10
-6
-54
14
-28
-23
41
-1
-69
-9
1
6
-68
-8
9
27
-5
-1
54
-27
20
-41
47
-7
31
22
9
-30
-15
-11
-41
-34
-35
-37
-13
-35
-28
-41
-39
-82
-21
-37
-39
16
45
-41
4
-11
34
1
37
-17
-1
-11
-17
14
-42
57
-34
5
19
-6
27
37
-43
-36
-28
-5
65
-32
-69
-41
37
-45
-3
-36
-36
-21
-27
12
30
-19
-8
-46
-125
-18
76
-17
1
-1
19
22
49
-23
6
27
-30
12
-5
38
-2
-48
-43
29
-51
-12
21
29
22
-37
-71
84
20
-13
-4
10
72
-30
25
11
4
22
35
13
-12
17
-36
6
-11
20
6
-41
17
10
-15
-29
0
-11
-23
29
10
10
8
8
-53
-52
-12
-54
27
10
91
-17
-56
24
-30
-11
-43
34
13
-21
12
-4
51
56
-16
-17
-7
-41
24
21
-2
50
39
-12
-24
-43
37
10
17
25
1
28
-4
52
-24
7
-17
26
-12
-6
-35
-33
-2
19
-25
-22
-14
5
11
17
-12
51
-34
12
0
18
-1
65
-7
4
-33
-22
17
9
12
-27
-37
69
-13
-91
11
31
28
-12
-22
-5
-27
13
