# shape=[1, 32, 5, 5] dtype=int8 order=C (last axis fastest) count=800
-34
-36
-22
-25
-22
32
-14
29
22
-51
27
3
12
32
-31
21
-38
-9
-40
-7
-6
-45
5
2
31
7
-31
3
4
-49
-11
15
-40
89
-106
100
29
-31
25
42
45
2
39
-26
-10
-60
-31
9
46
-17
107
40
-59
-18
-24
19
4
-26
-78
-77
-34
49
4
3
-23
-79
13
13
79
-28
-17
-42
-41
-10
-5
-63
21
-27
14
-28
23
-18
19
58
8
-22
-5
62
-45
3
84
4
2
42
-23
8
-83
-44
-26
-67
18
-74
26
-48
-19
-29
-1
59
1
10
-21
-20
-76
-34
16
85
46
-50
27
-19
-8
93
-16
13
12
37
-11
27
17
-11
-26
10
25
32
36
-12
-12
35
-19
-20
-7
12
-35
-61
-67
-56
83
2
-20
33
50
53
11
63
-36
-30
12
-3
-35
33
12
-16
-3
6
70
-97
-11
-12
-16
-5
-67
-8
48
-15
-8
81
36
-7
-50
-5
10
-13
-56
21
59
-19
-16
30
-25
63
-111
-5
18
-50
50
15
-41
-9
36
-5
45
-15
-22
68
-62
62
-17
-20
8
-55
-8
-24
-20
19
-24
-106
40
-19
-53
2
-32
71
-7
-17
57
-80
10
-13
-13
-24
23
24
-67
-18
-35
33
70
-7
3
30
-43
20
48
-16
-2
-12
-78
70
-22
26
25
15
3
-1
45
-1
38
52
-16
127
-12
5
25
2
-26
28
-64
3
-50
53
-25
35
-20
12
-31
-105
-26
48
57
55
52
127
-12
1
47
-47
-3
-45
34
23
-15
-28
73
-47
8
-88
-5
43
8
24
25
-21
73
18
1
-49
-15
-8
24
33
27
-8
-13
3
13
-44
11
-26
-21
12
-125
-10
0
49
-4
-24
0
-27
37
-20
34
-11
-37
0
61
-38
21
1
-6
34
-10
-23
50
39
-11
83
21
-37
-25
-34
-46
16
28
-20
-52
-47
-15
-2
-15
76
-18
-35
-24
-53
-49
-13
39
-27
114
-18
62
10
89
21
-55
-65
-2
1
-26
-16
1
7
66
37
12
7
1
-41
28
35
9
20
-23
-62
29
-31
8
-51
-9
5
54
-40
28
-8
17
4
-18
-22
9
-38
-46
3
17
29
25
-6
-16
14
50
0
61
13
-61
33
14
98
-50
-9
4
-28
-65
32
-27
-8
83
49
15
35
38
-4
20
36
16
2
-9
-64
45
-9
-29
19
-77
21
-25
9
39
6
34
24
-9
41
5
-8
-20
55
-10
-101
-10
61
77
-18
80
12
0
35
-2
23
46
-16
-26
-6
-34
26
29
7
4
-15
-29
-43
-19
11
-115
6
29
-47
54
51
92
51
60
16
-34
-21
-18
10
2
5
63
28
81
-48
-28
-20
-53
38
10
60
-17
-41
33
-36
55
37
29
-38
20
-41
-33
-37
-49
-6
10
-18
-19
9
-64
5
1
28
0
60
11
11
23
-2
27
3
123
20
-44
-37
65
4
15
30
-43
-6
34
22
27
-58
-67
1
-19
-4
-3
92
35
-24
-36
39
24
45
-31
2
-48
-116
-22
7
-3
24
-81
46
-31
-10
-6
-73
32
27
41
10
18
-68
8
8
12
19
-2
11
24
-11
-90
-11
2
-61
-22
-2
66
55
28
74
-48
39
-11
42
58
-8
-29
-26
27
-97
74
-38
11
79
4
43
-8
8
47
-65
-51
2
-6
40
7
-2
7
37
33
55
-14
15
-29
47
-43
-31
105
23
-31
13
39
23
30
59
52
15
-35
77
63
-77
-25
-53
-8
15
0
8
44
-35
-14
-9
-37
80
37
22
-4
27
-32
2
-19
25
-7
20
38
37
-35
31
-13
50
-1
-11
-3
-66
-35
-62
19
32
17
-22
0
-34
-82
-50
1
10
-21
23
36
-12
-11
-49
-57
-21
3
24
-13
-11
15
-13
29
-43
66
-50
-9
-9
4
-28
25
11
24
-39
-79
62
4
35
-32
-11
78
-35
47
0
127
-4
-20
20
-33
-14
31
4
-27
9
1
21
13
-2
18
25
-7
56
11
25
-12
-19
27
-66
49
77
9
-54
-25
6
30
-1
-10
21
9
33
-43
-38
-8
23
-30
-15
16
-18
-49
28
0
-13
6
-18
4
29
26
-7
24
-16
-13
-4
21
-36
