# shape=[1, 32, 5, 5] dtype=float32 order=C (last axis fastest) count=800
-0.530559003
-1.12997079
-0.673383474
-0.766919196
-0.702856004
0.989647806
-0.448248744
0.892692566
0.697639644
-0.790398061
0.844124913
0.0935323834
0.37688449
0.994100273
-0.980960608
0.335027397
-1.17488933
-0.29151389
-0.632035077
-0.20535779
-0.0921254233
-0.702567577
0.149303868
0.062269263
0.953962326
0.109060876
-0.964436352
0.102852926
0.133581623
-1.53833437
-0.357190758
0.461003453
-1.26040828
2.78143597
-1.6488142
3.11096025
0.913210034
-0.974912047
0.790115476
1.3059237
0.700092852
0.0592235662
1.21325612
-0.408473253
-0.314282537
-0.939672828
-0.488141239
0.295266956
1.42424834
-0.533316731
1.67854106
1.26374042
-1.8352617
-0.555757225
-0.76081109
0.579390705
0.133241579
-0.809429109
-2.42590165
-1.20580077
-1.06666398
1.54321074
0.122510538
0.0837883651
-0.724941969
-1.23681104
0.396001488
0.39420265
1.23051107
-0.873149931
-0.272366166
-0.650540173
-1.29592848
-0.301731914
-0.155495331
-0.976874471
0.669259548
-0.832060099
0.441821754
-0.866522014
0.723094225
-0.561496556
0.593754411
1.81322181
0.118488334
-0.673378229
-0.143792599
1.93225908
-1.42181385
0.101941809
1.31027472
0.11881984
0.0470229946
0.657944262
-0.728233397
0.129723147
-1.28966999
-1.38747263
-0.800535738
-2.098526
0.285781562
-2.29748917
0.814772964
-1.50944948
-0.592181385
-0.912223041
-0.0370800421
1.83182526
0.033733014
0.156679064
-0.647398829
-0.636803687
-2.3611505
-1.07000864
0.491514951
1.32825518
1.43758416
-1.56356943
0.425292611
-0.591882527
-0.118131265
1.44669759
-0.490882248
0.399879009
0.364578873
0.579794407
-0.358102322
0.844041526
0.528774858
-0.351166219
-0.812440872
0.325468928
0.782307684
1.01042616
0.567201853
-0.36411044
-0.362194419
1.10838032
-0.599639833
-0.6132496
-0.109895952
0.380375415
-1.08711374
-0.950953722
-2.09265518
-0.872725368
1.29809868
0.0522508845
-0.619730234
1.02002656
0.786785662
1.67047203
0.352612585
1.97322929
-1.12862551
-0.941746533
0.360618711
-0.0863123909
-1.10718107
0.51530385
0.3895742
-0.500625193
-0.0989598706
0.185456812
2.20069766
-1.51149726
-0.345938146
-0.362950236
-0.248964548
-0.147658125
-1.04252946
-0.125123024
1.48700976
-0.483454734
-0.261531085
1.26059282
1.13796115
-0.211185813
-1.56576443
-0.166354969
0.311574399
-0.403548509
-1.76244318
0.660573483
0.920588136
-0.607124746
-0.507851422
0.927618444
-0.774584651
1.95570052
-1.73153508
-0.151932836
0.55580318
-0.778037727
1.55249655
0.23084043
-0.635181665
-0.2917656
1.13412726
-0.160950691
0.700707555
-0.46219179
-0.69837749
2.13191915
-1.9298569
1.92784762
-0.526367843
-0.618390262
0.250669658
-0.857548773
-0.250380248
-0.758366704
-0.626021743
0.595702589
-0.762195289
-1.65840769
1.2491858
-0.583960831
-0.826916277
0.0586823933
-0.5077461
1.1076529
-0.204044223
-0.530744076
1.79421675
-1.25117028
0.32799834
-0.392380923
-0.390944123
-0.760526299
0.724167228
0.739401281
-2.10685229
-0.556749701
-0.547805309
1.03359032
2.18001437
-0.205949724
0.0931799188
0.922863901
-0.678606212
0.63926208
1.49302006
-0.243554071
-0.0591570511
-0.181615055
-1.21768796
2.18488026
-0.696160793
0.816215396
0.383085132
0.477999121
0.0822082683
-0.0415761881
1.39785266
-0.0185800996
1.17579317
1.62428248
-0.488167763
1.9887315
-0.362190008
0.157727063
0.771442235
0.0508085489
-0.8249861
0.436873347
-2.01347017
0.0951641053
-0.775224626
1.64830399
-0.390506864
0.542090297
-0.622074068
0.375496149
-0.963033736
-1.63440812
-0.807686687
1.50538969
1.7665832
1.71338439
1.63845766
3.9949019
-0.377467036
0.0463654846
0.730497122
-1.46143806
-0.0812852755
-1.40005326
1.06554353
0.712085783
-0.242002711
-0.867248476
2.29348445
-0.73005259
0.253201783
-1.369784
-0.0853017941
1.34827065
0.265142471
0.759893417
0.390426636
-0.648824275
2.2888999
0.559157193
0.0183200743
-1.54272318
-0.478778452
-0.256261349
0.760460317
0.520697594
0.859345198
-0.247646034
-0.394062519
0.0986544266
0.419979513
-0.686880767
0.346069068
-0.818226457
-0.323314905
0.386767328
-1.95999408
-0.161745459
0.000959559693
1.53470397
-0.13642253
-0.37865746
-0.00931796338
-0.857764125
1.14150178
-0.633120358
1.07430422
-0.35274297
-1.15291977
0.00792843103
0.955629766
-1.17381465
0.652892649
0.0342236422
-0.191261277
1.05648959
-0.153055713
-0.723078251
1.54707003
0.613848865
-0.336087525
1.29429829
0.328543305
-1.16859245
-0.768151402
-1.07566154
-0.71471864
0.485164136
0.885536909
-0.621689737
-1.63626468
-1.4815042
-0.455321372
-0.052221708
-0.468762279
1.18441081
-0.554439902
-1.09693694
-0.755100965
-1.64605355
-1.5160284
-0.199485302
1.21649563
-0.841128409
1.77622843
-0.555949926
0.971024156
0.157771185
2.77146935
0.657963336
-1.73147726
-1.01067328
-0.0682500452
0.0287387595
-0.816499949
-0.487929195
0.0233094525
0.233343497
2.04966068
1.15796542
0.18775095
0.231259555
0.0467292778
-1.27822733
0.878223896
1.08726513
0.133246794
0.6201033
-0.712296903
-0.967511654
0.917483866
-0.490793377
0.1319305
-1.59939361
-0.287659883
0.153344244
0.845897675
-1.23940086
0.889362991
-0.265238196
0.526975811
0.117305085
-0.561472833
-0.675115049
0.283578992
-0.592821956
-1.43974185
0.0999589637
0.543599188
0.909660876
0.794641733
-0.0900785699
-0.497487783
0.451951981
0.785782278
0.00791627634
0.9553321
0.207649216
-1.90064132
1.03157008
0.438269079
1.53245091
-1.57778811
-0.267724752
0.137249246
-0.876935422
-2.02423549
1.00750625
-0.832182765
-0.239709496
1.3007623
1.52069211
0.477944076
1.08491194
1.195086
-0.134366408
0.309850723
1.13231325
0.497372359
0.0374414474
-0.280953258
-0.996019781
0.706546962
-0.279641956
-0.891403317
0.589113176
-1.19691563
0.643520474
-0.78778547
0.28196004
1.21478331
0.201483637
1.07160974
0.743519366
-0.273213625
0.635180175
0.142543346
-0.247613966
-0.629731059
1.70421672
-0.298197836
-1.57938933
-0.326083243
1.89525831
1.1963551
-0.559937954
1.25780451
0.185745314
-0.0104129808
1.1062988
-0.0587049685
0.363869727
1.43703496
-0.490813017
-0.821307361
-0.189029723
-1.04992068
0.798401415
0.911088824
0.207926288
0.06955228
-0.466327161
-0.89509213
-1.35689592
-0.590065181
0.350190938
-1.80156565
0.202294931
0.918224275
-0.730558515
1.67806578
0.797988653
1.43585932
1.5981226
1.87607777
0.498355418
-0.529893517
-0.642050683
-0.571641207
0.319942921
0.0556968451
0.162249982
1.98267329
0.888834894
2.53716421
-0.750693381
-0.86443454
-0.625646055
-1.65087605
1.19935048
0.321131051
0.939487398
-0.524419248
-1.27009106
0.519162893
-1.13108802
0.858841598
0.570399344
0.910624623
-1.17711282
0.621507943
-0.648141921
-1.04118454
-1.15673316
-1.52479494
-0.18232058
0.306302041
-0.572459638
-0.59098649
0.266441911
-1.00356078
0.157234803
0.0179151874
0.884736001
-0.00683125062
1.8886131
0.167643741
0.350153923
0.725027382
-0.023540359
0.828825533
0.0450801663
1.9293226
0.612895846
-1.36199987
-1.14492106
1.02225578
0.119380847
0.477935821
0.935483217
-1.33484054
-0.17440173
1.05035913
0.692580223
0.847790003
-0.901130736
-2.09807444
0.019910166
-0.579559147
-0.126719773
-0.109111063
1.43024945
1.08170164
-0.75710386
-0.558181882
1.20418644
0.374915063
0.709191501
-0.962701201
0.0674144328
-1.50133669
-1.81595647
-0.674295187
0.21294111
-0.10098391
0.749112904
-2.52618241
1.43009853
-0.962454855
-0.315367073
-0.0947224125
-2.26895022
0.990804315
0.85201472
1.28879511
0.29878673
0.281320095
-2.11633301
0.245504811
0.132472575
0.387546629
0.297771394
-0.024894597
0.34518522
0.76168865
-0.348178476
-1.40485895
-0.346040756
0.0569326133
-1.91550088
-0.690892637
-0.0596306212
2.07419014
1.70624781
0.860337913
1.16301525
-1.48546398
1.22941995
-0.332738817
1.29999435
1.82014847
-0.129976809
-0.91423279
-0.801711679
0.42101261
-3.04090714
1.15415752
-0.599724352
0.338332146
2.4696846
0.136481166
0.665878654
-0.24983488
0.258963197
1.47123039
-2.02979875
-1.59194052
0.0623664968
-0.198925406
1.23705673
0.108272322
-0.0721068829
0.209002391
1.14771974
1.04376578
1.73425949
-0.223652214
0.47611919
-0.900324821
0.738569319
-1.33170319
-0.488387704
1.64271009
0.707214177
-0.968749881
0.397835523
0.612957656
0.733951867
0.933515131
1.83928895
1.6240015
0.476803571
-1.08395076
2.40721512
1.97364604
-1.21067524
-0.771848798
-1.66363347
-0.238084689
0.464580476
0.0065391399
0.117731147
1.36758947
-1.09755993
-0.220183328
-0.268818825
-0.577331603
1.25276768
1.16758466
0.696298778
-0.139340311
0.428036183
-0.998972178
0.0762713775
-0.591579795
0.770837605
-0.218296766
0.625845313
1.17421293
1.15257919
-0.545698404
0.96443814
-0.409870178
1.56968105
-0.0408248752
-0.349371821
-0.0391760804
-2.07519317
-1.09257662
-0.966025174
0.608941317
0.500087917
0.258523405
-0.675839782
-0.00526546314
-1.05385447
-1.2877295
-1.57396865
0.040798869
0.299023211
-0.643718958
0.714460433
1.13425207
-0.375940621
-0.338268816
-0.767232955
-1.7905612
-0.668073177
0.0844597071
0.759591937
-0.396311641
-0.171186522
0.477761
-0.413524091
0.45511353
-1.35030699
1.0259937
-0.781966567
-0.282726854
-0.29124406
0.116677843
-0.43917942
0.796038151
0.343663484
0.763064861
-1.23415387
-2.46525431
1.94845867
0.117095202
1.10923684
-0.502086222
-0.351063818
2.44797421
-1.09716666
1.48188949
0.00538271433
1.99825275
-0.138565168
-0.634741366
0.319067687
-1.02300811
-0.213844195
0.477479458
0.114960968
-0.858006239
0.284095526
0.0144524295
0.661936045
0.417192221
-0.0676757395
0.56838733
0.769041657
-0.22300142
1.74514699
0.332497776
0.395748407
-0.371622503
-0.608521283
0.854309499
-2.05736852
1.54293609
1.19816482
0.282072783
-1.68451822
-0.390655398
0.180324033
0.476410091
-0.0174993221
-0.318589121
0.664813399
0.27397418
0.519778013
-1.35405242
-1.17774379
-0.245776311
0.721165776
-0.943821132
-0.484200001
0.485465974
-0.565175951
-0.762836397
0.88142997
0.000435496797
-0.415330082
0.186377466
-0.571100414
0.0555499718
0.899394333
0.820369422
-0.108072482
0.761461139
-0.246853575
-0.198241994
-0.114825912
0.649029374
-1.12609696
