# shape=[1, 32, 3, 3] dtype=float32 order=C (last axis fastest) count=288
-9.27598763
-15.0793028
6.15424252
-17.3238125
15.432189
27.4450188
6.41071558
-7.5583353
-33.1468277
7.39413404
16.4801254
-6.39507484
-6.33472538
-2.68065119
-0.421443373
-8.85571957
-12.2231522
-35.6064911
-21.1252842
-20.1983948
2.22250676
-10.6186352
-36.8233833
-0.451303273
23.9819756
-15.2631779
-9.25096703
22.1087761
-31.5461082
2.87702847
-19.0864353
-15.4779215
-9.71005058
-15.6460171
2.33765125
-1.75325716
-1.30817282
-2.66675663
8.26426125
14.9305401
-8.90380573
3.48047352
1.20286465
11.1751528
-19.421814
5.91126728
1.58842361
20.8536663
29.7627678
8.19956779
-1.24711621
21.6519623
1.49509776
-39.4668732
-15.856061
-8.22217655
30.1684818
2.86165357
-1.61126494
-2.8450439
0.753127337
17.2418156
9.15000534
-7.9184432
16.2124176
-21.9669189
1.60549855
-0.629720747
-21.817276
9.72221088
-19.1998997
25.911581
-14.5459156
10.2790775
27.7312889
-17.4036331
15.5685415
32.5375824
-1.32500327
11.8388872
3.20816135
-4.59502506
-26.6883945
0.46325618
16.3766651
-39.4502831
-13.2013063
14.0072432
-7.88829947
-8.20632172
-14.1739378
-15.5901566
6.75444126
-2.42628479
8.46315956
5.96503544
-15.3789263
4.37471294
14.2532988
-33.1449051
3.74356771
26.9539566
-35.2079773
13.6081705
-20.7222824
14.6056328
-1.56340599
24.6050625
-21.7212067
-11.830718
-16.914505
-20.1564369
29.8023853
-11.1990747
0.691357315
10.7243471
-4.36593199
7.70520544
7.67522573
-4.14972448
-3.60155487
-0.80374372
-6.72235966
-14.8312378
6.46089077
35.1049576
-11.7137842
-25.8564949
2.86367869
-11.4158325
-16.2043018
14.9805222
10.9253254
0.522731304
-1.53780603
25.9405823
13.6348915
25.7380428
11.3139267
-7.69064617
-18.7189293
15.69098
1.90866828
-11.990901
-12.8693838
31.5201225
11.3669252
-15.4098349
-4.76463318
15.9196825
20.3231792
-0.58865869
-19.7756691
-5.77801228
-40.6378517
10.7137098
-22.1442223
-21.5281105
-23.514431
-8.29232311
12.5926476
0.829032421
19.4083729
-6.06017399
15.24055
-36.7960739
-3.07800293
0.0735908449
5.7465415
-5.72703409
5.63639784
6.41590786
16.4336796
-8.445117
-18.9021435
-8.13176441
12.730835
5.202847
-19.7528629
6.85572577
8.44597626
-5.55060005
10.3201399
53.4748077
2.99941993
18.0505905
-34.1718712
-20.7231903
-25.7421818
-10.5694447
-27.4466724
-17.1735401
0.266243041
-0.0420016795
-3.9365747
-24.8778286
16.8379135
2.14518619
8.57363796
-1.80666721
36.5523224
-29.4554691
-22.3975697
6.91663694
-5.4507823
14.8085966
24.415123
20.8082771
16.7798271
-7.06921625
7.85510588
-4.26006365
38.4082565
-8.57888699
6.48109531
-35.173912
-37.7138329
38.2395668
14.8272467
16.0312347
-11.1861048
3.56057882
22.7557297
-14.651927
1.80849802
13.0128546
32.6915016
8.69816399
-34.2671776
-14.4526529
32.077507
15.5787535
-20.8827114
3.45822477
10.3981552
5.25938702
16.5670013
19.6418037
13.6433735
53.6756592
4.71212292
-38.7607307
10.4483376
19.955616
3.20454478
-13.8116894
-14.6840487
-1.97950077
1.19052863
0.169705346
13.7410107
-27.4841614
-14.8330574
20.5494232
-17.5528393
-2.2831676
-5.9987607
23.5600758
-6.63563251
-22.0647926
8.66280746
8.87968636
19.0827847
-7.01808405
25.2604027
-9.60176277
3.88933325
-0.360883296
39.6542816
-3.53782153
-17.5912685
-2.06435204
-40.4709435
-16.853054
-7.70252323
-4.32640696
25.9424171
10.0426159
8.15105247
-1.74870813
9.77183628
-14.9700127
-10.4565592
-4.0736289
13.1903563
8.56851387
-9.10031033
-4.36941242
